   2.3829151e+00
  -8.2052416e+00
   3.6041724e+00
  -9.4837283e+00
  -7.6525740e+00
   4.8612920e+00
   5.0382434e+00
  -6.1980681e+00
   6.0726507e+00
   9.5190329e-01
   6.2972383e+00
   4.2430000e+00
  -5.9946759e+00
   1.1361623e+00
  -7.8844271e+00
  -8.9018264e-01
   7.2331632e+00
   4.5883521e+00
  -9.1300270e+00
  -6.6898377e+00
   2.1307900e+00
   5.5505453e+00
  -4.4479846e+00
   7.5902255e+00
  -2.4576651e-01
   3.5557521e+00
  -2.9410529e+00
   7.1482021e+00
  -1.2632197e+00
  -8.7433681e+00
