  -5.9974795e+00
   6.0486207e+00
   1.8551596e+00
   3.1423476e+00
  -9.8064565e-01
  -4.9337534e-01
  -1.9066058e+00
   1.4080622e+00
  -1.8205825e+00
  -1.6709788e+00
  -1.4675096e+00
   1.0818834e+00
   8.6160423e+00
   2.4149877e+00
  -4.0371757e+00
  -4.9142508e+00
  -4.6303525e+00
  -7.6321503e+00
   3.7875538e+00
  -2.8822743e+00
  -3.2429967e+00
   5.0245758e+00
  -5.2425819e+00
  -4.9202666e+00
   7.0864976e+00
  -5.9412650e+00
   9.0246613e+00
  -5.0555902e+00
   9.4240261e+00
  -3.7115646e+00
   9.0272105e+00
   2.7657109e-01
  -9.5635789e+00
  -5.2668188e+00
  -8.4394364e-01
  -9.1859105e+00
  -3.8421682e+00
   3.9155380e+00
  -2.3556633e+00
   1.4695205e+00
