   8.3236071e+00
   2.6596474e+00
   5.1355713e+00
  -6.4661770e+00
   6.7216930e+00
   3.6887942e+00
  -9.6094546e+00
   1.1347840e+00
  -9.0974746e+00
   9.7082582e+00
   7.7634884e+00
   5.7168334e+00
   7.4816773e+00
  -2.3083112e+00
  -7.1677836e+00
   4.4204772e+00
   3.3084046e+00
  -9.3530267e+00
   3.2168950e+00
  -1.9330489e+00
   7.8702905e+00
  -6.5810203e+00
  -2.5230481e+00
   8.4481876e+00
  -8.1964546e+00
   2.3567103e+00
   6.0011884e+00
  -8.8111989e+00
   3.5329660e-01
  -8.1928332e+00
  -1.1290685e+00
   5.9890620e+00
  -9.5144072e+00
  -7.3968982e+00
   9.2167651e+00
   4.0913022e+00
  -3.4648804e+00
  -6.8509681e+00
   8.0198382e+00
  -6.9986819e+00
   8.5022271e+00
   1.4084320e+00
  -2.9103136e-01
  -8.2899674e+00
   1.5316270e+00
   7.3900106e+00
  -3.3904333e+00
   5.5689743e+00
  -6.4794488e+00
   2.1438812e+00
