  -9.5654793e+00
  -8.3368956e+00
   1.6982427e-01
  -9.8632956e+00
  -5.1111667e+00
  -8.1288299e+00
  -2.2006530e+00
   9.0335538e+00
   8.2859307e+00
   4.8839947e+00
   4.3259001e+00
   3.2438936e+00
   9.5954551e+00
   4.3560234e+00
   6.4614683e+00
   7.9206803e-01
  -9.1073887e+00
  -3.1810984e+00
   9.5874300e-02
  -2.1122024e+00
  -5.3106227e+00
  -3.3102507e+00
  -6.2019395e+00
   8.0971942e+00
   5.7937101e+00
  -9.7967805e+00
   5.1933941e+00
   7.5705114e+00
   8.1521610e+00
   4.3334099e+00
