  -9.5217813e+00
  -6.4744207e+00
  -4.2605599e+00
   1.9506348e+00
   7.9864668e+00
   8.5576928e+00
  -5.0459667e+00
   8.7617829e+00
   4.3500900e-01
   5.7316848e-01
   7.3923016e+00
   7.1428636e+00
   4.1146765e-01
  -5.5826311e+00
  -1.0133879e+00
   8.7631722e+00
   9.7588308e+00
   7.6732422e+00
  -6.1144576e+00
   3.4835894e+00
   5.3695505e+00
  -8.8293356e+00
   6.3566564e+00
  -3.1526968e+00
  -6.6633837e+00
   6.6085795e+00
   1.1233861e+00
   9.4607878e+00
  -3.5817519e+00
  -6.4143295e+00
   5.6085698e+00
   8.5234950e+00
  -5.6984499e+00
   3.1232637e+00
  -7.1609590e+00
   1.0377023e+00
   6.3912152e+00
   9.9785310e-01
   4.1770603e+00
   3.5473168e+00
