  -7.5010878e+00
  -7.0068412e+00
   8.7808760e+00
  -5.6742122e+00
  -2.0998573e+00
  -6.0870656e+00
   3.6454116e+00
  -3.7606625e+00
   9.1596642e+00
   3.4672356e+00
  -9.3249859e+00
   8.1968874e+00
  -2.7494655e+00
   5.6760505e+00
   4.7979713e-01
  -4.6549143e+00
  -7.7023144e+00
   2.9014764e+00
   1.2905176e+00
   2.8524720e+00
  -4.5650875e+00
   8.0339501e+00
  -2.3330997e+00
  -3.9338887e+00
  -3.9761605e+00
  -3.3761104e+00
   8.1254877e+00
  -7.0739612e+00
   6.6622285e+00
   4.2384636e+00
   5.4112546e+00
   3.2616966e+00
  -2.1665647e+00
  -8.4234081e+00
  -8.4496494e+00
   4.6119563e+00
  -3.2034537e+00
  -4.2756550e+00
  -8.9634512e+00
   7.7529686e+00
  -3.7513519e+00
  -9.7058317e+00
  -9.0012641e-01
  -2.5600167e+00
   7.1895458e+00
  -5.8125423e+00
  -5.9365046e+00
  -7.6487358e-01
   8.7944184e+00
  -8.2444548e+00
