   5.0671719e+00
  -1.8188004e+00
  -7.5231993e+00
  -6.8729757e+00
  -3.2685590e+00
   3.8806259e+00
   9.2095266e-01
  -7.1528664e+00
   9.3980621e+00
  -2.1822115e+00
  -3.2608273e+00
   4.0310801e+00
   3.5359499e+00
  -5.0703135e+00
   8.8856130e-01
   9.5861927e+00
   7.7264969e+00
  -2.3267185e+00
  -7.1369284e-01
   2.0934862e+00
  -7.4293307e+00
   1.1773247e+00
  -1.7267816e+00
  -9.1490099e+00
   9.1707821e+00
  -6.2128059e+00
  -6.1054204e+00
   4.5257978e+00
   4.4943005e-01
  -3.6983895e+00
