  -6.3452179e+00
   7.6370630e+00
   1.3667861e+00
  -6.7752737e+00
   6.3795030e+00
   2.3087101e+00
  -3.8370138e+00
   5.5276229e+00
   7.9679581e+00
  -9.2613717e+00
  -3.8286580e+00
   8.1811028e+00
  -4.5859671e+00
  -5.0272140e+00
  -9.5982516e+00
   1.1604278e+00
  -1.4515621e+00
  -9.8080183e+00
   2.5047866e+00
   2.1869163e+00
   2.6075887e+00
   2.3864396e+00
   7.3412500e-01
  -9.5486510e+00
  -4.3089551e+00
  -5.0682187e+00
  -7.2175853e+00
   3.6981123e+00
  -3.7311645e+00
  -5.7316645e+00
  -8.7179639e-01
  -8.3951810e+00
  -7.8135582e+00
  -5.1548581e-01
  -7.5819387e+00
  -4.0767744e+00
  -5.2441757e-01
   4.9989043e+00
  -1.7418130e-02
  -1.9954020e+00
