   7.4264886e+00
  -3.8661685e+00
   7.4203045e-01
  -7.5972456e+00
  -5.1760420e+00
   5.5375879e+00
   4.9395342e+00
  -2.2323391e+00
   1.6054759e+00
  -7.7892641e+00
  -1.7939681e-01
  -9.5913267e+00
   7.6941724e+00
   9.6636467e+00
  -3.7589786e+00
  -9.2269998e+00
  -4.9905178e+00
  -5.1060694e+00
   3.1003344e-01
   2.5519509e+00
  -7.9487678e+00
  -3.0333216e-01
  -4.4896068e+00
   9.1100160e+00
  -1.0244802e+00
  -1.2366501e+00
  -5.1762475e+00
  -4.3623630e+00
  -7.3284863e+00
  -4.4693282e+00
   7.8323835e-01
   9.4269024e+00
   3.9710941e+00
  -3.1012101e+00
   9.3471785e+00
  -3.0993065e+00
  -7.2556449e-01
   9.7523259e+00
  -5.6809093e+00
   3.1200907e-01
  -1.6366887e+00
  -5.4790991e+00
   4.8757668e+00
  -6.8701003e+00
  -4.0077162e+00
  -3.6280209e+00
   6.7267753e+00
  -5.8701706e+00
   9.9451035e+00
   1.6465213e+00
